------------------------------------------------------
1
Topic planes10 is marked for deletion.
Note: This will have no impact if delete.topic.enable is not set to true.
Created topic "planes10".
sparkapplication.sparkoperator.k8s.io/sparkop-es-2.4.1 created
deployment.apps/rttest-mon-kafka created
deployment.apps/rttest-mon-es created
deployment.apps/rttest-send-kafka-25k-10m created
Kafka Logs
Start Count: 0
Watching for changes in count...  Use Ctrl-C to Exit.

|Query Number|Sample Number|Epoch (ms)    |Time (s) |Count             |Linear Reg. Rate  |Rate From Previous|Rate From First   |
|------------|-------------|--------------|---------|------------------|------------------|------------------|------------------|
|          1 |           1 |1565188784319 |       0 |        1,028,770 |                  |                  |                  |
|          2 |           2 |1565188794339 |      10 |        6,083,325 |          504,447 |          504,447 |          504,447 |
|          3 |           3 |1565188804323 |      20 |       11,111,307 |          504,026 |          503,604 |          504,026 |
|          4 |           4 |1565188814322 |      30 |       16,407,510 |          511,677 |          529,673 |          512,573 |
|          5 |           5 |1565188824323 |      40 |       21,398,167 |          510,675 |          499,016 |          509,184 |
|          6 |           6 |1565188834323 |      50 |       26,494,197 |          510,236 |          509,603 |          509,268 |
|          7 |           7 |1565188844322 |      60 |       31,245,690 |          506,325 |          475,197 |          503,590 |
|          8 |           8 |1565188854322 |      70 |       35,549,832 |          498,369 |          430,414 |          493,137 |
|          9 |           9 |1565188864323 |      80 |       40,962,499 |          497,513 |          541,213 |          499,147 |
|         10 |          10 |1565188874348 |      90 |       46,577,171 |          500,499 |          560,067 |          505,930 |
|         11 |          11 |1565188884323 |     100 |       50,524,493 |          497,376 |          395,722 |          494,937 |
|         12 |          12 |1565188894595 |     110 |       56,098,131 |          497,361 |          542,605 |          499,378 |
|         13 |          13 |1565188904322 |     120 |       61,343,684 |          498,693 |          539,278 |          502,612 |
|         14 |          14 |1565188914323 |     130 |       65,748,079 |          497,869 |          440,395 |          497,826 |
|         15 |          15 |1565188924325 |     140 |       71,668,928 |          499,682 |          591,967 |          504,551 |
|         16 |          16 |1565188934322 |     150 |       75,585,414 |          498,519 |          391,766 |          497,034 |
|         17 |          17 |1565188944323 |     160 |       81,707,243 |          499,946 |          612,122 |          504,228 |
|         18 |          18 |1565188954323 |     170 |       85,573,528 |          498,961 |          386,629 |          497,310 |
|         19 |          19 |1565188964323 |     180 |       91,708,698 |          500,064 |          613,517 |          503,766 |
|         20 |          20 |1565188974324 |     190 |       95,715,493 |          499,448 |          400,639 |          498,338 |
|         21 |          21 |1565188984326 |     200 |      101,435,476 |          499,932 |          571,884 |          502,016 |
|         22 |          22 |1565188994324 |     210 |      106,045,412 |          499,835 |          461,086 |          500,067 |
|         23 |          23 |1565189004325 |     220 |      110,628,357 |          499,310 |          458,249 |          498,166 |
|         24 |          24 |1565189014329 |     230 |      116,519,603 |          499,801 |          588,889 |          502,112 |
|         25 |          25 |1565189024329 |     240 |      120,346,257 |          499,102 |          382,665 |          497,135 |
|         26 |          26 |1565189034329 |     250 |      126,787,648 |          499,793 |          644,139 |          503,015 |
|         27 |          27 |1565189044334 |     260 |      130,848,457 |          499,595 |          405,878 |          499,278 |
|         28 |          28 |1565189054330 |     270 |      135,702,922 |          499,333 |          485,641 |          498,773 |
|         29 |          29 |1565189064330 |     280 |      141,625,387 |          499,763 |          592,247 |          502,111 |
|         30 |          30 |1565189074329 |     290 |      145,420,387 |          499,337 |          379,538 |          497,885 |
|         31 |          31 |1565189084330 |     300 |      151,488,846 |          499,638 |          606,785 |          501,515 |
|         32 |          32 |1565189094351 |     310 |      156,300,015 |          499,775 |          480,109 |          500,823 |
|         33 |          33 |1565189104329 |     320 |      160,277,565 |          499,348 |          398,632 |          497,637 |
|         34 |          34 |1565189114331 |     330 |      166,760,188 |          499,743 |          648,133 |          502,198 |
|         35 |          35 |1565189124334 |     340 |      171,143,218 |          499,781 |          438,172 |          500,315 |
|         36 |          36 |1565189134330 |     350 |      175,274,643 |          499,424 |          413,308 |          497,830 |
|         37 |          37 |1565189144330 |     360 |      181,805,944 |          499,777 |          653,130 |          502,143 |
|         38 |          38 |1565189154329 |     370 |      186,135,666 |          499,807 |          433,016 |          500,275 |
|         39 |          39 |1565189164335 |     380 |      190,263,819 |          499,497 |          412,568 |          497,966 |
|         40 |          40 |1565189174334 |     390 |      196,743,159 |          499,774 |          647,999 |          501,812 |
|         41 |          41 |1565189184333 |     400 |      200,000,000 |          499,407 |          325,717 |          497,411 |

For last 10  seconds the count has not increased...
Removing sample: 410|200000000
Total Count: 200,000,000 | Linear Regression Rate:  499,774 | Linear Regression Standard Error: 0.68 | Average Rate: 501,812

Start Count: 200000000
Watching for changes in count...  Use Ctrl-C to Exit.

|Query Number|Sample Number|Epoch (ms)    |Time (s) |Count             |Linear Reg. Rate  |Rate From Previous|Rate From First   |
|------------|-------------|--------------|---------|------------------|------------------|------------------|------------------|
Elasticsearch Logs
Start Count: 0
Watching for changes in count...  Use Ctrl-C to Exit.

|Query Number|Sample Number|Epoch (ms)    |Time (s) |Count             |Linear Reg. Rate  |Rate From Previous|Rate From First   |
|------------|-------------|--------------|---------|------------------|------------------|------------------|------------------|
|          1 |           1 |1565188903781 |       0 |       24,273,267 |                  |                  |                  |
|          2 |           2 |1565188973928 |      70 |       65,570,104 |          588,719 |          588,719 |          588,719 |
|          3 |           3 |1565189043755 |     139 |       91,832,499 |          482,737 |          376,107 |          482,656 |
|          4 |           4 |1565189113738 |     209 |      112,727,144 |          416,829 |          298,567 |          421,295 |
|          5 |           5 |1565189183736 |     279 |      133,535,231 |          379,717 |          297,267 |          390,284 |
|          6 |           6 |1565189253735 |     349 |      153,947,385 |          356,522 |          291,606 |          370,546 |
|          7 |           7 |1565189323810 |     420 |      173,221,738 |          339,496 |          275,053 |          354,615 |
|          8 |           8 |1565189393737 |     489 |      190,423,523 |          324,622 |          245,996 |          339,113 |
|          9 |           9 |1565189463739 |     559 |      200,000,000 |          305,157 |          136,803 |          313,821 |
------------------------------------------------------
2
deployment.apps "rttest-mon-kafka" deleted
deployment.apps "rttest-mon-es" deleted
deployment.apps "rttest-send-kafka-25k-10m" deleted
sparkapplication.sparkoperator.k8s.io "sparkop-es-2.4.1" deleted
Topic planes10 is marked for deletion.
Note: This will have no impact if delete.topic.enable is not set to true.
Created topic "planes10".
sparkapplication.sparkoperator.k8s.io/sparkop-es-2.4.1 created
deployment.apps/rttest-mon-kafka created
deployment.apps/rttest-mon-es created
deployment.apps/rttest-send-kafka-25k-10m created
Kafka Logs
Start Count: 0
Watching for changes in count...  Use Ctrl-C to Exit.

|Query Number|Sample Number|Epoch (ms)    |Time (s) |Count             |Linear Reg. Rate  |Rate From Previous|Rate From First   |
|------------|-------------|--------------|---------|------------------|------------------|------------------|------------------|
|          1 |           1 |1565189751323 |       0 |           49,610 |                  |                  |                  |
|          2 |           2 |1565189761334 |      10 |        4,214,859 |          416,067 |          416,067 |          416,067 |
|          3 |           3 |1565189771326 |      20 |        9,213,768 |          458,126 |          500,291 |          458,139 |
|          4 |           4 |1565189781330 |      30 |       14,125,488 |          472,199 |          490,976 |          469,086 |
|          5 |           5 |1565189791326 |      40 |       19,159,632 |          481,293 |          503,616 |          477,715 |
|          6 |           6 |1565189801326 |      50 |       24,070,841 |          485,297 |          491,121 |          480,396 |
|          7 |           7 |1565189811347 |      60 |       28,960,012 |          487,005 |          487,893 |          481,647 |
|          8 |           8 |1565189821326 |      70 |       34,191,134 |          490,810 |          524,213 |          487,715 |
|          9 |           9 |1565189831326 |      80 |       39,595,428 |          495,893 |          540,429 |          494,304 |
|         10 |          10 |1565189841326 |      90 |       44,161,709 |          496,340 |          456,628 |          490,118 |
|         11 |          11 |1565189851325 |     100 |       49,001,804 |          496,026 |          484,058 |          489,512 |
|         12 |          12 |1565189861326 |     110 |       54,684,309 |          498,620 |          568,194 |          496,666 |
|         13 |          13 |1565189871326 |     120 |       58,833,674 |          497,430 |          414,937 |          489,855 |
|         14 |          14 |1565189881437 |     130 |       64,374,609 |          498,143 |          548,011 |          494,374 |
|         15 |          15 |1565189891338 |     140 |       69,159,066 |          498,237 |          483,230 |          493,586 |
|         16 |          16 |1565189901333 |     150 |       74,245,069 |          498,534 |          508,855 |          494,603 |
|         17 |          17 |1565189911336 |     160 |       79,348,817 |          498,967 |          510,222 |          495,580 |
|         18 |          18 |1565189921333 |     170 |       84,229,262 |          499,082 |          488,191 |          495,145 |
|         19 |          19 |1565189931334 |     180 |       89,250,876 |          499,212 |          502,111 |          495,532 |
|         20 |          20 |1565189941338 |     190 |       94,357,174 |          499,467 |          510,426 |          496,316 |
|         21 |          21 |1565189951337 |     200 |       98,910,394 |          499,083 |          455,368 |          494,269 |
|         22 |          22 |1565189961338 |     210 |      104,616,652 |          499,642 |          570,569 |          497,903 |
|         23 |          23 |1565189971339 |     220 |      108,688,682 |          499,063 |          407,162 |          493,778 |
|         24 |          24 |1565189981338 |     230 |      114,845,052 |          499,783 |          615,699 |          499,078 |
|         25 |          25 |1565189991341 |     240 |      118,895,513 |          499,467 |          404,925 |          495,154 |
|         26 |          26 |1565190001340 |     250 |      124,458,927 |          499,706 |          556,397 |          497,603 |
|         27 |          27 |1565190011756 |     260 |      129,413,259 |          499,696 |          475,646 |          496,725 |
|         28 |          28 |1565190021338 |     270 |      133,710,886 |          499,326 |          448,510 |          495,014 |
|         29 |          29 |1565190032243 |     280 |      139,815,038 |          499,483 |          559,757 |          497,528 |
|         30 |          30 |1565190041337 |     290 |      144,001,166 |          499,380 |          460,318 |          496,361 |
|         31 |          31 |1565190051338 |     300 |      149,074,226 |          499,343 |          507,255 |          496,724 |
|         32 |          32 |1565190061338 |     310 |      154,740,562 |          499,694 |          566,634 |          498,979 |
|         33 |          33 |1565190071339 |     320 |      158,781,836 |          499,475 |          404,087 |          496,013 |
|         34 |          34 |1565190081339 |     330 |      164,414,792 |          499,613 |          563,296 |          498,052 |
|         35 |          35 |1565190091343 |     340 |      169,607,734 |          499,822 |          519,087 |          498,671 |
|         36 |          36 |1565190101338 |     350 |      173,721,133 |          499,601 |          411,546 |          496,183 |
|         37 |          37 |1565190111338 |     360 |      179,522,907 |          499,758 |          580,177 |          498,516 |
|         38 |          38 |1565190121338 |     370 |      184,583,903 |          499,916 |          506,100 |          498,721 |
|         39 |          39 |1565190131341 |     380 |      188,712,648 |          499,717 |          412,751 |          496,458 |
|         40 |          40 |1565190141338 |     390 |      194,453,531 |          499,818 |          574,261 |          498,452 |
|         41 |          41 |1565190151342 |     400 |      199,376,306 |          499,878 |          492,081 |          498,293 |
|         42 |          42 |1565190161337 |     410 |      200,000,000 |          498,478 |           62,401 |          487,667 |

For last 10  seconds the count has not increased...
Removing sample: 420|200000000
Total Count: 200,000,000 | Linear Regression Rate:  499,878 | Linear Regression Standard Error: 0.44 | Average Rate: 498,293

Start Count: 200000000
Watching for changes in count...  Use Ctrl-C to Exit.

|Query Number|Sample Number|Epoch (ms)    |Time (s) |Count             |Linear Reg. Rate  |Rate From Previous|Rate From First   |
|------------|-------------|--------------|---------|------------------|------------------|------------------|------------------|
Elasticsearch Logs
Start Count: 0
Watching for changes in count...  Use Ctrl-C to Exit.

|Query Number|Sample Number|Epoch (ms)    |Time (s) |Count             |Linear Reg. Rate  |Rate From Previous|Rate From First   |
|------------|-------------|--------------|---------|------------------|------------------|------------------|------------------|
|          1 |           1 |1565189821994 |       0 |        2,955,447 |                  |                  |                  |
|          2 |           2 |1565189892138 |      70 |       52,575,141 |          707,398 |          707,398 |          707,398 |
|          3 |           3 |1565189961873 |     139 |       78,365,063 |          539,271 |          369,828 |          539,106 |
|          4 |           4 |1565190031862 |     209 |       98,871,740 |          448,407 |          292,999 |          457,032 |
|          5 |           5 |1565190101885 |     279 |      120,080,203 |          401,087 |          302,879 |          418,466 |
|          6 |           6 |1565190171861 |     349 |      142,107,931 |          375,243 |          314,790 |          397,730 |
|          7 |           7 |1565190241868 |     419 |      160,401,177 |          353,800 |          261,306 |          374,983 |
|          8 |           8 |1565190311867 |     489 |      177,947,400 |          336,268 |          250,664 |          357,219 |
|          9 |           9 |1565190381862 |     559 |      196,652,727 |          323,485 |          267,238 |          345,970 |
|         10 |          10 |1565190451862 |     629 |      200,000,000 |          301,937 |           47,818 |          312,835 |
------------------------------------------------------
3
deployment.apps "rttest-mon-kafka" deleted
deployment.apps "rttest-mon-es" deleted
deployment.apps "rttest-send-kafka-25k-10m" deleted
sparkapplication.sparkoperator.k8s.io "sparkop-es-2.4.1" deleted
Topic planes10 is marked for deletion.
Note: This will have no impact if delete.topic.enable is not set to true.
Created topic "planes10".
sparkapplication.sparkoperator.k8s.io/sparkop-es-2.4.1 created
deployment.apps/rttest-mon-kafka created
deployment.apps/rttest-mon-es created
deployment.apps/rttest-send-kafka-25k-10m created
Kafka Logs
Start Count: 0
Watching for changes in count...  Use Ctrl-C to Exit.

|Query Number|Sample Number|Epoch (ms)    |Time (s) |Count             |Linear Reg. Rate  |Rate From Previous|Rate From First   |
|------------|-------------|--------------|---------|------------------|------------------|------------------|------------------|
|          1 |           1 |1565190742408 |       0 |           80,867 |                  |                  |                  |
|          2 |           2 |1565190752409 |      10 |        4,513,970 |          443,266 |          443,266 |          443,266 |
|          3 |           3 |1565190762408 |      20 |        9,332,613 |          462,587 |          481,912 |          462,587 |
|          4 |           4 |1565190772409 |      30 |       14,471,418 |          479,893 |          513,829 |          479,669 |
|          5 |           5 |1565190782409 |      40 |       19,561,636 |          489,180 |          509,022 |          487,007 |
|          6 |           6 |1565190792410 |      50 |       24,468,168 |          492,037 |          490,604 |          487,727 |
|          7 |           7 |1565190802410 |      60 |       29,130,661 |          490,294 |          466,249 |          484,147 |
|          8 |           8 |1565190812410 |      70 |       34,256,866 |          491,429 |          512,621 |          488,215 |
|          9 |           9 |1565190822409 |      80 |       39,730,226 |          495,688 |          547,391 |          495,611 |
|         10 |          10 |1565190832409 |      90 |       44,648,110 |          497,644 |          491,788 |          495,186 |
|         11 |          11 |1565190842409 |     100 |       49,077,705 |          496,225 |          442,960 |          489,963 |
|         12 |          12 |1565190852701 |     110 |       54,786,757 |          497,726 |          554,708 |          496,005 |
|         13 |          13 |1565190862409 |     120 |       59,169,939 |          497,150 |          451,502 |          492,405 |
|         14 |          14 |1565190872411 |     130 |       64,488,330 |          497,775 |          531,733 |          495,431 |
|         15 |          15 |1565190882411 |     140 |       69,663,656 |          498,674 |          517,533 |          497,009 |
|         16 |          16 |1565190892411 |     150 |       74,289,051 |          498,480 |          462,540 |          494,711 |
|         17 |          17 |1565190902412 |     160 |       79,816,050 |          499,408 |          552,645 |          498,332 |
|         18 |          18 |1565190912410 |     170 |       84,260,153 |          499,097 |          444,499 |          495,166 |
|         19 |          19 |1565190922412 |     180 |       89,741,870 |          499,647 |          548,062 |          498,106 |
|         20 |          20 |1565190932412 |     190 |       94,383,294 |          499,541 |          464,142 |          496,318 |
|         21 |          21 |1565190942412 |     200 |       99,374,833 |          499,458 |          499,154 |          496,460 |
|         22 |          22 |1565190952424 |     210 |      104,681,502 |          499,758 |          530,031 |          498,060 |
|         23 |          23 |1565190962421 |     220 |      108,946,733 |          499,192 |          426,651 |          494,816 |
|         24 |          24 |1565190972420 |     230 |      115,014,871 |          499,833 |          606,874 |          499,687 |
|         25 |          25 |1565190982421 |     240 |      118,975,234 |          499,373 |          395,997 |          495,366 |
|         26 |          26 |1565190992423 |     250 |      124,916,540 |          499,821 |          594,012 |          499,313 |
|         27 |          27 |1565191002428 |     260 |      129,465,895 |          499,818 |          454,708 |          497,596 |
|         28 |          28 |1565191012421 |     270 |      134,005,135 |          499,479 |          454,242 |          495,992 |
|         29 |          29 |1565191022533 |     280 |      139,713,146 |          499,659 |          564,479 |          498,464 |
|         30 |          30 |1565191032422 |     290 |      144,049,897 |          499,415 |          438,543 |          496,421 |
|         31 |          31 |1565191042422 |     300 |      149,530,640 |          499,510 |          548,074 |          498,143 |
|         32 |          32 |1565191052423 |     310 |      154,814,813 |          499,752 |          528,364 |          499,118 |
|         33 |          33 |1565191062422 |     320 |      158,904,696 |          499,467 |          409,029 |          496,303 |
|         34 |          34 |1565191072422 |     330 |      164,871,476 |          499,720 |          596,678 |          499,344 |
|         35 |          35 |1565191082423 |     340 |      169,661,935 |          499,834 |          478,998 |          498,746 |
|         36 |          36 |1565191092423 |     350 |      173,881,279 |          499,578 |          421,934 |          496,551 |
|         37 |          37 |1565191102425 |     360 |      179,954,873 |          499,822 |          607,238 |          499,626 |
|         38 |          38 |1565191112424 |     370 |      184,627,820 |          499,897 |          467,341 |          498,754 |
|         39 |          39 |1565191122423 |     380 |      188,895,940 |          499,681 |          426,855 |          496,862 |
|         40 |          40 |1565191132423 |     390 |      194,870,910 |          499,853 |          597,497 |          499,442 |
|         41 |          41 |1565191142424 |     400 |      199,430,640 |          499,848 |          455,927 |          498,354 |
|         42 |          42 |1565191152423 |     410 |      200,000,000 |          498,373 |           56,942 |          487,590 |

For last 10  seconds the count has not increased...
Removing sample: 420|200000000
Total Count: 200,000,000 | Linear Regression Rate:  499,848 | Linear Regression Standard Error: 0.45 | Average Rate: 498,354

Start Count: 200000000
Watching for changes in count...  Use Ctrl-C to Exit.

|Query Number|Sample Number|Epoch (ms)    |Time (s) |Count             |Linear Reg. Rate  |Rate From Previous|Rate From First   |
|------------|-------------|--------------|---------|------------------|------------------|------------------|------------------|
Elasticsearch Logs
Start Count: 0
Watching for changes in count...  Use Ctrl-C to Exit.

|Query Number|Sample Number|Epoch (ms)    |Time (s) |Count             |Linear Reg. Rate  |Rate From Previous|Rate From First   |
|------------|-------------|--------------|---------|------------------|------------------|------------------|------------------|
|          1 |           1 |1565190813256 |       0 |        3,055,723 |                  |                  |                  |
|          2 |           2 |1565190883399 |      70 |       53,268,726 |          715,866 |          715,866 |          715,866 |
|          3 |           3 |1565190953412 |     140 |       77,431,359 |          530,721 |          345,116 |          530,663 |
|          4 |           4 |1565191023247 |     209 |       97,046,415 |          437,438 |          280,877 |          447,594 |
|          5 |           5 |1565191093287 |     280 |      120,345,311 |          397,755 |          332,651 |          418,845 |
|          6 |           6 |1565191163247 |     349 |      139,403,158 |          368,516 |          272,411 |          389,574 |
|          7 |           7 |1565191233258 |     420 |      154,977,426 |          342,415 |          222,455 |          361,717 |
|          8 |           8 |1565191303245 |     489 |      173,490,746 |          325,048 |          264,525 |          347,834 |
|          9 |           9 |1565191373245 |     559 |      191,383,240 |          312,313 |          255,607 |          336,306 |
|         10 |          10 |1565191443266 |     630 |      200,000,000 |          295,502 |          123,060 |          312,605 |
------------------------------------------------------
4
deployment.apps "rttest-mon-kafka" deleted
deployment.apps "rttest-mon-es" deleted
deployment.apps "rttest-send-kafka-25k-10m" deleted
sparkapplication.sparkoperator.k8s.io "sparkop-es-2.4.1" deleted
Topic planes10 is marked for deletion.
Note: This will have no impact if delete.topic.enable is not set to true.
Created topic "planes10".
sparkapplication.sparkoperator.k8s.io/sparkop-es-2.4.1 created
deployment.apps/rttest-mon-kafka created
deployment.apps/rttest-mon-es created
deployment.apps/rttest-send-kafka-25k-10m created
Kafka Logs
Start Count: 0
Watching for changes in count...  Use Ctrl-C to Exit.

|Query Number|Sample Number|Epoch (ms)    |Time (s) |Count             |Linear Reg. Rate  |Rate From Previous|Rate From First   |
|------------|-------------|--------------|---------|------------------|------------------|------------------|------------------|
|          1 |           1 |1565191734080 |       0 |           97,576 |                  |                  |                  |
|          2 |           2 |1565191744082 |      10 |        4,584,783 |          448,631 |          448,631 |          448,631 |
|          3 |           3 |1565191754081 |      20 |        9,503,228 |          470,258 |          491,894 |          470,259 |
|          4 |           4 |1565191764082 |      30 |       14,505,620 |          481,401 |          500,189 |          480,236 |
|          5 |           5 |1565191774082 |      40 |       19,617,908 |          489,595 |          511,229 |          487,984 |
|          6 |           6 |1565191784083 |      50 |       24,510,814 |          491,886 |          489,242 |          488,235 |
|          7 |           7 |1565191794086 |      60 |       29,246,768 |          490,728 |          473,453 |          485,771 |
|          8 |           8 |1565191804081 |      70 |       34,445,239 |          492,693 |          520,107 |          490,674 |
|          9 |           9 |1565191814082 |      80 |       39,944,585 |          497,423 |          549,880 |          498,075 |
|         10 |          10 |1565191824083 |      90 |       44,677,485 |          498,511 |          473,243 |          495,316 |
|         11 |          11 |1565191834082 |     100 |       49,258,266 |          497,270 |          458,124 |          491,597 |
|         12 |          12 |1565191844082 |     110 |       55,044,774 |          499,683 |          578,651 |          499,511 |
|         13 |          13 |1565191854083 |     120 |       59,257,092 |          498,554 |          421,190 |          492,984 |
|         14 |          14 |1565191864084 |     130 |       64,735,104 |          499,250 |          547,746 |          497,196 |
|         15 |          15 |1565191874084 |     140 |       69,652,608 |          499,515 |          491,750 |          496,807 |
|         16 |          16 |1565191884084 |     150 |       74,546,130 |          499,468 |          489,352 |          496,310 |
|         17 |          17 |1565191894083 |     160 |       79,803,140 |          499,951 |          525,754 |          498,150 |
|         18 |          18 |1565191904084 |     170 |       84,518,121 |          499,790 |          471,451 |          496,580 |
|         19 |          19 |1565191914084 |     180 |       89,720,578 |          499,998 |          520,246 |          497,895 |
|         20 |          20 |1565191925501 |     191 |       94,657,901 |          499,038 |          432,454 |          493,991 |
|         21 |          21 |1565191934083 |     200 |       99,388,949 |          498,920 |          551,276 |          496,449 |
|         22 |          22 |1565191944084 |     210 |      104,951,052 |          499,508 |          556,155 |          499,293 |
|         23 |          23 |1565191954086 |     220 |      109,025,678 |          498,957 |          407,381 |          495,114 |
|         24 |          24 |1565191964084 |     230 |      115,206,218 |          499,721 |          618,178 |          500,464 |
|         25 |          25 |1565191974085 |     240 |      119,186,796 |          499,380 |          398,018 |          496,195 |
|         26 |          26 |1565191984085 |     250 |      124,889,926 |          499,716 |          570,313 |          499,159 |
|         27 |          27 |1565191994086 |     260 |      129,748,787 |          499,874 |          485,838 |          498,647 |
|         28 |          28 |1565192004085 |     270 |      134,092,064 |          499,516 |          434,371 |          496,267 |
|         29 |          29 |1565192014085 |     280 |      140,202,224 |          499,996 |          611,016 |          500,365 |
|         30 |          30 |1565192024092 |     290 |      144,305,004 |          499,805 |          409,991 |          497,246 |
|         31 |          31 |1565192034090 |     300 |      149,541,633 |          499,794 |          523,768 |          498,130 |
|         32 |          32 |1565192044088 |     310 |      155,072,280 |          500,088 |          553,175 |          499,905 |
|         33 |          33 |1565192054089 |     320 |      159,103,609 |          499,813 |          403,093 |          496,880 |
|         34 |          34 |1565192064088 |     330 |      164,818,159 |          499,945 |          571,512 |          499,141 |
|         35 |          35 |1565192074090 |     340 |      169,948,815 |          500,118 |          512,963 |          499,548 |
|         36 |          36 |1565192084151 |     350 |      173,811,110 |          499,737 |          383,888 |          496,224 |
|         37 |          37 |1565192094089 |     360 |      179,896,931 |          499,892 |          612,379 |          499,430 |
|         38 |          38 |1565192104090 |     370 |      184,932,911 |          500,038 |          503,548 |          499,541 |
|         39 |          39 |1565192114090 |     380 |      189,054,878 |          499,826 |          412,197 |          497,243 |
|         40 |          40 |1565192124089 |     390 |      194,797,393 |          499,916 |          574,309 |          499,219 |
|         41 |          41 |1565192134089 |     400 |      199,730,002 |          499,970 |          493,261 |          499,070 |
|         42 |          42 |1565192144088 |     410 |      200,000,000 |          498,446 |           27,003 |          487,557 |

For last 10  seconds the count has not increased...
Removing sample: 420|200000000
Total Count: 200,000,000 | Linear Regression Rate:  499,970 | Linear Regression Standard Error: 0.48 | Average Rate: 499,070

Start Count: 200000000
Watching for changes in count...  Use Ctrl-C to Exit.

|Query Number|Sample Number|Epoch (ms)    |Time (s) |Count             |Linear Reg. Rate  |Rate From Previous|Rate From First   |
|------------|-------------|--------------|---------|------------------|------------------|------------------|------------------|
Elasticsearch Logs
Start Count: 0
Watching for changes in count...  Use Ctrl-C to Exit.

|Query Number|Sample Number|Epoch (ms)    |Time (s) |Count             |Linear Reg. Rate  |Rate From Previous|Rate From First   |
|------------|-------------|--------------|---------|------------------|------------------|------------------|------------------|
|          1 |           1 |1565191804898 |       0 |        3,171,225 |                  |                  |                  |
|          2 |           2 |1565191874863 |      69 |       52,670,944 |          707,493 |          707,493 |          707,493 |
|          3 |           3 |1565191944904 |     140 |       77,915,126 |          533,831 |          360,420 |          533,862 |
|          4 |           4 |1565192014828 |     209 |       97,553,308 |          440,669 |          280,850 |          449,588 |
|          5 |           5 |1565192084835 |     279 |      117,355,593 |          390,451 |          282,861 |          407,893 |
|          6 |           6 |1565192154853 |     349 |      136,662,097 |          359,706 |          275,736 |          381,452 |
|          7 |           7 |1565192224828 |     419 |      157,213,146 |          341,657 |          293,691 |          366,828 |
|          8 |           8 |1565192294827 |     489 |      170,492,532 |          321,472 |          189,708 |          341,522 |
|          9 |           9 |1565192364828 |     559 |      190,152,850 |          309,345 |          280,858 |          333,938 |
|         10 |          10 |1565192434833 |     629 |      200,000,000 |          293,968 |          140,664 |          312,459 |
------------------------------------------------------
5
deployment.apps "rttest-mon-kafka" deleted
deployment.apps "rttest-mon-es" deleted
deployment.apps "rttest-send-kafka-25k-10m" deleted
sparkapplication.sparkoperator.k8s.io "sparkop-es-2.4.1" deleted
Topic planes10 is marked for deletion.
Note: This will have no impact if delete.topic.enable is not set to true.
Created topic "planes10".
sparkapplication.sparkoperator.k8s.io/sparkop-es-2.4.1 created
deployment.apps/rttest-mon-kafka created
deployment.apps/rttest-mon-es created
deployment.apps/rttest-send-kafka-25k-10m created
Kafka Logs
Start Count: 0
Watching for changes in count...  Use Ctrl-C to Exit.

|Query Number|Sample Number|Epoch (ms)    |Time (s) |Count             |Linear Reg. Rate  |Rate From Previous|Rate From First   |
|------------|-------------|--------------|---------|------------------|------------------|------------------|------------------|
|          1 |           1 |1565192725472 |       0 |           85,811 |                  |                  |                  |
|          2 |           2 |1565192735486 |      10 |        4,333,392 |          424,164 |          424,164 |          424,164 |
|          3 |           3 |1565192745479 |      20 |        9,271,568 |          459,115 |          494,164 |          459,127 |
|          4 |           4 |1565192755479 |      30 |       14,330,547 |          476,650 |          505,898 |          474,714 |
|          5 |           5 |1565192765474 |      40 |       19,384,292 |          485,950 |          505,627 |          482,438 |
|          6 |           6 |1565192775474 |      50 |       24,306,391 |          489,503 |          492,210 |          484,392 |
|          7 |           7 |1565192785474 |      60 |       29,031,015 |          488,946 |          472,462 |          482,404 |
|          8 |           8 |1565192795474 |      70 |       34,179,281 |          490,871 |          514,827 |          487,036 |
|          9 |           9 |1565192805473 |      80 |       39,583,515 |          495,077 |          540,477 |          493,715 |
|         10 |          10 |1565192815473 |      90 |       44,443,928 |          496,725 |          486,041 |          492,862 |
|         11 |          11 |1565192825474 |     100 |       49,024,608 |          495,864 |          458,022 |          489,378 |
|         12 |          12 |1565192835474 |     110 |       54,673,116 |          498,021 |          564,851 |          496,239 |
|         13 |          13 |1565192845476 |     120 |       59,085,539 |          497,449 |          441,154 |          491,648 |
|         14 |          14 |1565192855474 |     130 |       64,401,705 |          498,069 |          531,723 |          494,730 |
|         15 |          15 |1565192865475 |     140 |       69,418,593 |          498,561 |          501,639 |          495,224 |
|         16 |          16 |1565192875477 |     150 |       74,231,850 |          498,508 |          481,229 |          494,290 |
|         17 |          17 |1565192885477 |     160 |       79,517,693 |          499,062 |          528,584 |          496,434 |
|         18 |          18 |1565192895477 |     170 |       84,214,971 |          498,935 |          469,728 |          494,863 |
|         19 |          19 |1565192905481 |     180 |       89,450,651 |          499,231 |          523,359 |          496,447 |
|         20 |          20 |1565192915482 |     190 |       94,321,997 |          499,272 |          487,086 |          495,954 |
|         21 |          21 |1565192925484 |     200 |       99,200,851 |          499,154 |          487,788 |          495,545 |
|         22 |          22 |1565192935483 |     210 |      104,554,329 |          499,495 |          535,401 |          497,443 |
|         23 |          23 |1565192945483 |     220 |      108,939,816 |          499,092 |          438,549 |          494,766 |
|         24 |          24 |1565192955482 |     230 |      114,783,902 |          499,635 |          584,467 |          498,666 |
|         25 |          25 |1565192965482 |     240 |      118,990,140 |          499,329 |          420,624 |          495,414 |
|         26 |          26 |1565192975486 |     250 |      124,571,654 |          499,589 |          557,928 |          497,915 |
|         27 |          27 |1565192985483 |     260 |      129,393,989 |          499,659 |          482,378 |          497,318 |
|         28 |          28 |1565192995484 |     270 |      133,971,743 |          499,405 |          457,730 |          495,852 |
|         29 |          29 |1565193005489 |     280 |      139,808,854 |          499,780 |          583,419 |          498,981 |
|         30 |          30 |1565193015484 |     290 |      144,065,402 |          499,608 |          425,868 |          496,461 |
|         31 |          31 |1565193025485 |     300 |      149,280,468 |          499,599 |          521,454 |          497,294 |
|         32 |          32 |1565193035489 |     310 |      154,665,484 |          499,812 |          538,286 |          498,617 |
|         33 |          33 |1565193045486 |     320 |      158,944,195 |          499,604 |          427,999 |          496,411 |
|         34 |          34 |1565193055485 |     330 |      164,507,423 |          499,718 |          556,378 |          498,228 |
|         35 |          35 |1565193065533 |     340 |      169,541,234 |          499,819 |          500,976 |          498,309 |
|         36 |          36 |1565193075490 |     350 |      173,930,894 |          499,639 |          440,862 |          496,675 |
|         37 |          37 |1565193085487 |     360 |      179,567,771 |          499,761 |          563,857 |          498,540 |
|         38 |          38 |1565193095488 |     370 |      184,557,446 |          499,862 |          498,918 |          498,550 |
|         39 |          39 |1565193105490 |     380 |      188,936,991 |          499,709 |          437,867 |          496,953 |
|         40 |          40 |1565193115490 |     390 |      194,502,253 |          499,786 |          556,526 |          498,481 |
|         41 |          41 |1565193125488 |     400 |      199,368,976 |          499,807 |          486,770 |          498,188 |
|         42 |          42 |1565193135489 |     410 |      200,000,000 |          498,374 |           63,096 |          487,575 |

For last 10  seconds the count has not increased...
Removing sample: 420|200000000
Total Count: 200,000,000 | Linear Regression Rate:  499,807 | Linear Regression Standard Error: 0.36 | Average Rate: 498,188

Start Count: 200000000
Watching for changes in count...  Use Ctrl-C to Exit.

|Query Number|Sample Number|Epoch (ms)    |Time (s) |Count             |Linear Reg. Rate  |Rate From Previous|Rate From First   |
|------------|-------------|--------------|---------|------------------|------------------|------------------|------------------|
Elasticsearch Logs
Start Count: 0
Watching for changes in count...  Use Ctrl-C to Exit.

|Query Number|Sample Number|Epoch (ms)    |Time (s) |Count             |Linear Reg. Rate  |Rate From Previous|Rate From First   |
|------------|-------------|--------------|---------|------------------|------------------|------------------|------------------|
|          1 |           1 |1565192795636 |       0 |        3,755,223 |                  |                  |                  |
|          2 |           2 |1565192865610 |      69 |       49,882,165 |          659,201 |          659,201 |          659,201 |
|          3 |           3 |1565192935607 |     139 |       79,700,267 |          542,571 |          425,991 |          542,577 |
|          4 |           4 |1565193005615 |     209 |      100,112,825 |          455,592 |          291,575 |          458,892 |
|          5 |           5 |1565193075592 |     279 |      122,086,191 |          409,892 |          314,008 |          422,677 |
|          6 |           6 |1565193145592 |     349 |      141,219,358 |          377,322 |          273,331 |          392,804 |
|          7 |           7 |1565193215600 |     419 |      161,441,406 |          356,210 |          288,853 |          375,475 |
|          8 |           8 |1565193285630 |     489 |      177,335,846 |          336,637 |          226,966 |          354,251 |
|          9 |           9 |1565193355592 |     559 |      192,171,937 |          319,204 |          212,059 |          336,485 |
|         10 |          10 |1565193425595 |     629 |      200,000,000 |          299,016 |          111,825 |          311,520 |
------------------------------------------------------
6
deployment.apps "rttest-mon-kafka" deleted
deployment.apps "rttest-mon-es" deleted
deployment.apps "rttest-send-kafka-25k-10m" deleted
sparkapplication.sparkoperator.k8s.io "sparkop-es-2.4.1" deleted
Topic planes10 is marked for deletion.
Note: This will have no impact if delete.topic.enable is not set to true.
Created topic "planes10".
sparkapplication.sparkoperator.k8s.io/sparkop-es-2.4.1 created
deployment.apps/rttest-mon-kafka created
deployment.apps/rttest-mon-es created
deployment.apps/rttest-send-kafka-25k-10m created
Kafka Logs
Start Count: 0
Watching for changes in count...  Use Ctrl-C to Exit.

|Query Number|Sample Number|Epoch (ms)    |Time (s) |Count             |Linear Reg. Rate  |Rate From Previous|Rate From First   |
|------------|-------------|--------------|---------|------------------|------------------|------------------|------------------|
|          1 |           1 |1565193718374 |       0 |           82,846 |                  |                  |                  |
|          2 |           2 |1565193728376 |      10 |        4,296,188 |          421,250 |          421,250 |          421,250 |
|          3 |           3 |1565193738376 |      20 |        9,161,748 |          453,899 |          486,556 |          453,900 |
|          4 |           4 |1565193748376 |      30 |       14,314,592 |          475,578 |          515,284 |          474,360 |
|          5 |           5 |1565193758405 |      40 |       19,331,928 |          484,870 |          500,283 |          480,854 |
|          6 |           6 |1565193768374 |      50 |       24,272,829 |          489,050 |          495,627 |          483,800 |
|          7 |           7 |1565193778375 |      60 |       29,067,903 |          489,518 |          479,459 |          483,076 |
|          8 |           8 |1565193788374 |      70 |       34,179,706 |          491,522 |          511,231 |          487,098 |
|          9 |           9 |1565193798378 |      80 |       39,519,327 |          495,273 |          533,749 |          492,931 |
|         10 |          10 |1565193808375 |      90 |       44,373,956 |          496,656 |          485,609 |          492,118 |
|         11 |          11 |1565193818373 |      99 |       49,020,534 |          495,961 |          464,751 |          489,382 |
|         12 |          12 |1565193828404 |     110 |       54,597,059 |          497,873 |          555,929 |          495,449 |
|         13 |          13 |1565193838375 |     120 |       59,036,998 |          497,300 |          445,285 |          491,281 |
|         14 |          14 |1565193848375 |     130 |       64,389,370 |          498,024 |          535,237 |          494,662 |
|         15 |          15 |1565193858375 |     140 |       69,352,127 |          498,451 |          496,276 |          494,777 |
|         16 |          16 |1565193868375 |     150 |       74,235,063 |          498,512 |          488,294 |          494,345 |
|         17 |          17 |1565193878375 |     160 |       79,468,728 |          499,042 |          523,367 |          496,159 |
|         18 |          18 |1565193888376 |     170 |       84,213,077 |          498,981 |          474,387 |          494,878 |
|         19 |          19 |1565193898377 |     180 |       89,390,309 |          499,232 |          517,671 |          496,144 |
|         20 |          20 |1565193908376 |     190 |       94,331,639 |          499,343 |          494,182 |          496,041 |
|         21 |          21 |1565193918377 |     200 |       99,122,366 |          499,162 |          479,025 |          495,190 |
|         22 |          22 |1565193928377 |     210 |      104,568,842 |          499,565 |          544,648 |          497,545 |
|         23 |          23 |1565193938377 |     220 |      108,824,082 |          499,066 |          425,524 |          494,272 |
|         24 |          24 |1565193948387 |     230 |      114,774,303 |          499,637 |          594,428 |          498,630 |
|         25 |          25 |1565193958377 |     240 |      118,941,554 |          499,321 |          417,142 |          495,238 |
|         26 |          26 |1565193968376 |     250 |      124,545,307 |          499,595 |          560,431 |          497,846 |
|         27 |          27 |1565193978376 |     260 |      129,395,216 |          499,696 |          484,991 |          497,351 |
|         28 |          28 |1565193988376 |     270 |      133,855,051 |          499,380 |          445,984 |          495,449 |
|         29 |          29 |1565193998377 |     280 |      139,813,343 |          499,790 |          595,770 |          499,032 |
|         30 |          30 |1565194008377 |     290 |      144,017,405 |          499,611 |          420,406 |          496,321 |
|         31 |          31 |1565194018377 |     300 |      149,225,079 |          499,593 |          520,767 |          497,136 |
|         32 |          32 |1565194028377 |     310 |      154,685,194 |          499,841 |          546,012 |          498,712 |
|         33 |          33 |1565194038380 |     320 |      158,835,796 |          499,593 |          414,936 |          496,094 |
|         34 |          34 |1565194048378 |     330 |      164,505,779 |          499,726 |          567,112 |          498,245 |
|         35 |          35 |1565194058380 |     340 |      169,582,427 |          499,876 |          507,563 |          498,519 |
|         36 |          36 |1565194068380 |     350 |      173,794,205 |          499,647 |          421,178 |          496,310 |
|         37 |          37 |1565194078378 |     360 |      179,592,847 |          499,796 |          579,980 |          498,633 |
|         38 |          38 |1565194088378 |     370 |      184,561,188 |          499,911 |          496,834 |          498,585 |
|         39 |          39 |1565194098378 |     380 |      188,790,516 |          499,712 |          422,933 |          496,594 |
|         40 |          40 |1565194108384 |     390 |      194,515,647 |          499,808 |          572,170 |          498,533 |
|         41 |          41 |1565194118378 |     400 |      199,384,328 |          499,846 |          487,160 |          498,249 |
|         42 |          42 |1565194128378 |     410 |      200,000,000 |          498,423 |           61,567 |          487,598 |

For last 10  seconds the count has not increased...
Removing sample: 420|200000000
Total Count: 200,000,000 | Linear Regression Rate:  499,846 | Linear Regression Standard Error: 0.40 | Average Rate: 498,249

Start Count: 200000000
Watching for changes in count...  Use Ctrl-C to Exit.

|Query Number|Sample Number|Epoch (ms)    |Time (s) |Count             |Linear Reg. Rate  |Rate From Previous|Rate From First   |
|------------|-------------|--------------|---------|------------------|------------------|------------------|------------------|
Elasticsearch Logs
Start Count: 0
Watching for changes in count...  Use Ctrl-C to Exit.

|Query Number|Sample Number|Epoch (ms)    |Time (s) |Count             |Linear Reg. Rate  |Rate From Previous|Rate From First   |
|------------|-------------|--------------|---------|------------------|------------------|------------------|------------------|
|          1 |           1 |1565193788878 |       0 |        4,898,412 |                  |                  |                  |
|          2 |           2 |1565193858834 |      69 |       41,508,980 |          523,337 |          523,337 |          523,337 |
|          3 |           3 |1565193928825 |     139 |       76,396,070 |          510,890 |          498,451 |          510,891 |
|          4 |           4 |1565193998819 |     209 |      100,127,617 |          458,081 |          339,051 |          453,600 |
|          5 |           5 |1565194068818 |     279 |      117,613,494 |          405,856 |          249,802 |          402,640 |
|          6 |           6 |1565194138817 |     349 |      136,078,924 |          370,640 |          263,796 |          374,867 |
|          7 |           7 |1565194208817 |     419 |      154,254,591 |          346,170 |          259,652 |          355,662 |
|          8 |           8 |1565194278828 |     489 |      174,319,570 |          331,010 |          286,598 |          345,793 |
|          9 |           9 |1565194348821 |     559 |      192,134,925 |          318,837 |          254,531 |          334,385 |
|         10 |          10 |1565194418819 |     629 |      200,000,000 |          301,378 |          112,361 |          309,714 |

For last 70  seconds the count has not increased...
Removing sample: 699|200000000
Total Count: 200,000,000 | Linear Regression Rate:  318,837 | Linear Regression Standard Error: 17.83 | Average Rate: 334,385

Start Count: 200000000
Watching for changes in count...  Use Ctrl-C to Exit.

|Query Number|Sample Number|Epoch (ms)    |Time (s) |Count             |Linear Reg. Rate  |Rate From Previous|Rate From First   |
|------------|-------------|--------------|---------|------------------|------------------|------------------|------------------|
------------------------------------------------------
7
deployment.apps "rttest-mon-kafka" deleted
deployment.apps "rttest-mon-es" deleted
deployment.apps "rttest-send-kafka-25k-10m" deleted
sparkapplication.sparkoperator.k8s.io "sparkop-es-2.4.1" deleted
Topic planes10 is marked for deletion.
Note: This will have no impact if delete.topic.enable is not set to true.
Created topic "planes10".
sparkapplication.sparkoperator.k8s.io/sparkop-es-2.4.1 created
deployment.apps/rttest-mon-kafka created
deployment.apps/rttest-mon-es created
deployment.apps/rttest-send-kafka-25k-10m created
Kafka Logs
Start Count: 0
Watching for changes in count...  Use Ctrl-C to Exit.

|Query Number|Sample Number|Epoch (ms)    |Time (s) |Count             |Linear Reg. Rate  |Rate From Previous|Rate From First   |
|------------|-------------|--------------|---------|------------------|------------------|------------------|------------------|
|          1 |           1 |1565194710812 |       0 |           24,153 |                  |                  |                  |
|          2 |           2 |1565194720811 |       9 |        4,482,304 |          445,860 |          445,860 |          445,860 |
|          3 |           3 |1565194730812 |      20 |        9,388,867 |          468,236 |          490,607 |          468,236 |
|          4 |           4 |1565194740811 |      29 |       14,376,313 |          479,640 |          498,794 |          478,421 |
|          5 |           5 |1565194750811 |      39 |       19,538,168 |          489,230 |          516,186 |          487,863 |
|          6 |           6 |1565194760812 |      50 |       24,390,017 |          491,385 |          485,136 |          487,317 |
|          7 |           7 |1565194771733 |      60 |       29,090,125 |          484,976 |          430,373 |          477,109 |
|          8 |           8 |1565194780821 |      70 |       34,331,314 |          489,261 |          576,715 |          490,039 |
|          9 |           9 |1565194790811 |      79 |       39,881,156 |          495,663 |          555,540 |          498,219 |
|         10 |          10 |1565194800811 |      89 |       44,648,833 |          497,924 |          476,768 |          495,835 |
|         11 |          11 |1565194810811 |      99 |       49,146,115 |          496,981 |          449,728 |          491,225 |
|         12 |          12 |1565194820810 |     109 |       54,981,169 |          499,757 |          583,564 |          499,618 |
|         13 |          13 |1565194830866 |     120 |       59,045,566 |          498,274 |          404,176 |          491,624 |
|         14 |          14 |1565194840924 |     130 |       64,258,086 |          497,914 |          518,246 |          493,682 |
|         15 |          15 |1565194850811 |     139 |       69,909,119 |          499,499 |          571,562 |          499,182 |
|         16 |          16 |1565194860811 |     149 |       74,248,822 |          499,115 |          433,970 |          494,834 |
|         17 |          17 |1565194870811 |     159 |       79,862,097 |          500,072 |          561,328 |          498,990 |
|         18 |          18 |1565194880811 |     169 |       84,242,116 |          499,654 |          438,002 |          495,403 |
|         19 |          19 |1565194890812 |     180 |       89,911,741 |          500,418 |          566,906 |          499,375 |
|         20 |          20 |1565194900812 |     190 |       94,216,312 |          499,974 |          430,457 |          495,748 |
|         21 |          21 |1565194910812 |     200 |       99,929,312 |          500,572 |          571,300 |          499,526 |
|         22 |          22 |1565194920811 |     209 |      104,210,695 |          500,163 |          428,181 |          496,129 |
|         23 |          23 |1565194930812 |     220 |      109,743,616 |          500,429 |          553,237 |          498,725 |
|         24 |          24 |1565194940810 |     229 |      114,477,104 |          500,364 |          473,443 |          497,626 |
|         25 |          25 |1565194950814 |     240 |      119,376,713 |          500,215 |          489,765 |          497,298 |
|         26 |          26 |1565194960813 |     250 |      124,861,992 |          500,511 |          548,583 |          499,349 |
|         27 |          27 |1565194970813 |     260 |      129,205,403 |          500,221 |          434,341 |          496,849 |
|         28 |          28 |1565194980815 |     270 |      134,789,341 |          500,418 |          558,282 |          499,125 |
|         29 |          29 |1565194990812 |     280 |      139,508,665 |          500,382 |          472,074 |          498,159 |
|         30 |          30 |1565195000813 |     290 |      144,287,273 |          500,207 |          477,813 |          497,457 |
|         31 |          31 |1565195010813 |     300 |      149,931,994 |          500,452 |          564,472 |          499,691 |
|         32 |          32 |1565195020812 |     310 |      154,269,267 |          500,275 |          433,771 |          497,565 |
|         33 |          33 |1565195030813 |     320 |      159,480,826 |          500,240 |          521,104 |          498,301 |
|         34 |          34 |1565195040813 |     330 |      164,882,297 |          500,412 |          540,147 |          499,569 |
|         35 |          35 |1565195051005 |     340 |      169,159,939 |          500,164 |          419,706 |          497,176 |
|         36 |          36 |1565195060814 |     350 |      174,577,588 |          500,186 |          552,314 |          498,721 |
|         37 |          37 |1565195070813 |     360 |      179,854,004 |          500,322 |          527,694 |          499,526 |
|         38 |          38 |1565195080815 |     370 |      184,196,648 |          500,170 |          434,178 |          497,759 |
|         39 |          39 |1565195091076 |     380 |      189,471,245 |          500,094 |          514,043 |          498,199 |
|         40 |          40 |1565195100814 |     390 |      194,890,778 |          500,231 |          556,535 |          499,655 |
|         41 |          41 |1565195110813 |     400 |      199,125,773 |          500,081 |          423,542 |          497,753 |
|         42 |          42 |1565195120814 |     410 |      200,000,000 |          498,581 |           87,414 |          487,744 |

For last 10  seconds the count has not increased...
Removing sample: 420|200000000
Total Count: 200,000,000 | Linear Regression Rate:  500,081 | Linear Regression Standard Error: 0.44 | Average Rate: 497,753

Start Count: 200000000
Watching for changes in count...  Use Ctrl-C to Exit.

|Query Number|Sample Number|Epoch (ms)    |Time (s) |Count             |Linear Reg. Rate  |Rate From Previous|Rate From First   |
|------------|-------------|--------------|---------|------------------|------------------|------------------|------------------|
Elasticsearch Logs
Start Count: 0
Watching for changes in count...  Use Ctrl-C to Exit.

|Query Number|Sample Number|Epoch (ms)    |Time (s) |Count             |Linear Reg. Rate  |Rate From Previous|Rate From First   |
|------------|-------------|--------------|---------|------------------|------------------|------------------|------------------|
|          1 |           1 |1565194781040 |       0 |        4,327,941 |                  |                  |                  |
|          2 |           2 |1565194850996 |      69 |       43,577,936 |          561,067 |          561,067 |          561,067 |
|          3 |           3 |1565194920988 |     139 |       77,722,619 |          524,439 |          487,837 |          524,442 |
|          4 |           4 |1565194990955 |     209 |       98,173,621 |          451,142 |          292,295 |          447,065 |
|          5 |           5 |1565195060945 |     279 |      120,097,303 |          408,896 |          313,240 |          413,602 |
|          6 |           6 |1565195130943 |     349 |      139,143,752 |          377,278 |          272,100 |          385,295 |
|          7 |           7 |1565195200945 |     419 |      159,898,953 |          357,330 |          296,494 |          370,491 |
|          8 |           8 |1565195271002 |     489 |      178,901,099 |          341,836 |          271,238 |          356,299 |
|          9 |           9 |1565195340949 |     559 |      194,402,517 |          326,599 |          221,617 |          339,474 |
|         10 |          10 |1565195410945 |     629 |      200,000,000 |          305,389 |           79,969 |          310,637 |

For last 70  seconds the count has not increased...
Removing sample: 699|200000000
Total Count: 200,000,000 | Linear Regression Rate:  326,599 | Linear Regression Standard Error: 17.67 | Average Rate: 339,474

Start Count: 200000000
Watching for changes in count...  Use Ctrl-C to Exit.

|Query Number|Sample Number|Epoch (ms)    |Time (s) |Count             |Linear Reg. Rate  |Rate From Previous|Rate From First   |
|------------|-------------|--------------|---------|------------------|------------------|------------------|------------------|
------------------------------------------------------
8
deployment.apps "rttest-mon-kafka" deleted
deployment.apps "rttest-mon-es" deleted
deployment.apps "rttest-send-kafka-25k-10m" deleted
sparkapplication.sparkoperator.k8s.io "sparkop-es-2.4.1" deleted
Topic planes10 is marked for deletion.
Note: This will have no impact if delete.topic.enable is not set to true.
Created topic "planes10".
sparkapplication.sparkoperator.k8s.io/sparkop-es-2.4.1 created
deployment.apps/rttest-mon-kafka created
deployment.apps/rttest-mon-es created
deployment.apps/rttest-send-kafka-25k-10m created
Kafka Logs
Start Count: 0
Watching for changes in count...  Use Ctrl-C to Exit.

|Query Number|Sample Number|Epoch (ms)    |Time (s) |Count             |Linear Reg. Rate  |Rate From Previous|Rate From First   |
|------------|-------------|--------------|---------|------------------|------------------|------------------|------------------|
|          1 |           1 |1565195703557 |       0 |          357,877 |                  |                  |                  |
|          2 |           2 |1565195713559 |      10 |        5,336,408 |          497,754 |          497,754 |          497,754 |
|          3 |           3 |1565195723557 |      20 |        9,998,063 |          482,010 |          466,259 |          482,009 |
|          4 |           4 |1565195733557 |      30 |       15,342,838 |          496,176 |          534,478 |          499,499 |
|          5 |           5 |1565195743818 |      40 |       20,463,174 |          499,590 |          499,009 |          499,374 |
|          6 |           6 |1565195753558 |      50 |       25,406,369 |          501,645 |          507,515 |          500,960 |
|          7 |           7 |1565195763557 |      60 |       29,907,303 |          496,885 |          450,138 |          492,490 |
|          8 |           8 |1565195773557 |      70 |       34,830,470 |          494,514 |          492,317 |          492,466 |
|          9 |           9 |1565195783558 |      80 |       40,387,249 |          497,476 |          555,622 |          500,361 |
|         10 |          10 |1565195793557 |      90 |       45,671,675 |          500,677 |          528,495 |          503,487 |
|         11 |          11 |1565195803557 |     100 |       49,678,794 |          497,880 |          400,712 |          493,209 |
|         12 |          12 |1565195813557 |     110 |       55,529,812 |          499,621 |          585,102 |          501,563 |
|         13 |          13 |1565195823556 |     119 |       60,025,249 |          499,024 |          449,589 |          497,232 |
|         14 |          14 |1565195833558 |     130 |       65,118,706 |          498,941 |          509,244 |          498,156 |
|         15 |          15 |1565195843558 |     140 |       70,633,529 |          500,201 |          551,482 |          501,965 |
|         16 |          16 |1565195853558 |     150 |       74,912,001 |          499,447 |          427,847 |          497,024 |
|         17 |          17 |1565195863558 |     160 |       80,788,193 |          500,659 |          587,619 |          502,686 |
|         18 |          18 |1565195873557 |     170 |       84,884,342 |          499,913 |          409,656 |          497,215 |
|         19 |          19 |1565195883558 |     180 |       90,672,935 |          500,625 |          578,801 |          501,748 |
|         20 |          20 |1565195893558 |     190 |       95,050,580 |          500,246 |          437,765 |          498,380 |
|         21 |          21 |1565195904323 |     200 |      100,070,109 |          499,486 |          466,282 |          496,659 |
|         22 |          22 |1565195913558 |     210 |      105,392,350 |          499,760 |          576,312 |          500,162 |
|         23 |          23 |1565195923558 |     220 |      109,643,651 |          499,159 |          425,130 |          496,751 |
|         24 |          24 |1565195933559 |     230 |      115,823,196 |          499,882 |          617,893 |          502,019 |
|         25 |          25 |1565195943558 |     240 |      119,584,938 |          499,305 |          376,212 |          496,777 |
|         26 |          26 |1565195953558 |     250 |      125,832,494 |          499,922 |          624,756 |          501,896 |
|         27 |          27 |1565195963558 |     260 |      130,174,754 |          499,891 |          434,226 |          499,294 |
|         28 |          28 |1565195973558 |     270 |      134,670,690 |          499,495 |          449,594 |          497,453 |
|         29 |          29 |1565195983575 |     280 |      140,748,888 |          499,916 |          606,788 |          501,364 |
|         30 |          30 |1565195993558 |     290 |      144,687,825 |          499,580 |          394,564 |          497,688 |
|         31 |          31 |1565196003558 |     300 |      150,329,493 |          499,695 |          564,167 |          499,904 |
|         32 |          32 |1565196013559 |     310 |      155,626,072 |          499,960 |          529,605 |          500,862 |
|         33 |          33 |1565196023559 |     320 |      159,489,461 |          499,573 |          386,339 |          497,283 |
|         34 |          34 |1565196033559 |     330 |      165,739,311 |          499,882 |          624,985 |          501,153 |
|         35 |          35 |1565196043559 |     340 |      170,443,408 |          500,000 |          470,410 |          500,249 |
|         36 |          36 |1565196053559 |     350 |      174,471,032 |          499,662 |          402,762 |          497,463 |
|         37 |          37 |1565196063559 |     360 |      180,841,903 |          499,963 |          637,087 |          501,342 |
|         38 |          38 |1565196073558 |     370 |      185,419,187 |          500,047 |          457,774 |          500,164 |
|         39 |          39 |1565196083560 |     380 |      189,453,556 |          499,747 |          403,356 |          497,616 |
|         40 |          40 |1565196093560 |     390 |      195,756,218 |          499,968 |          630,266 |          501,018 |
|         41 |          41 |1565196103560 |     400 |      199,853,992 |          499,843 |          409,777 |          498,737 |
|         42 |          42 |1565196113560 |     410 |      200,000,000 |          498,124 |           14,601 |          486,928 |

For last 10  seconds the count has not increased...
Removing sample: 420|200000000
Total Count: 200,000,000 | Linear Regression Rate:  499,843 | Linear Regression Standard Error: 0.58 | Average Rate: 498,737

Start Count: 200000000
Watching for changes in count...  Use Ctrl-C to Exit.

|Query Number|Sample Number|Epoch (ms)    |Time (s) |Count             |Linear Reg. Rate  |Rate From Previous|Rate From First   |
|------------|-------------|--------------|---------|------------------|------------------|------------------|------------------|
Elasticsearch Logs
Start Count: 0
Watching for changes in count...  Use Ctrl-C to Exit.

|Query Number|Sample Number|Epoch (ms)    |Time (s) |Count             |Linear Reg. Rate  |Rate From Previous|Rate From First   |
|------------|-------------|--------------|---------|------------------|------------------|------------------|------------------|
|          1 |           1 |1565195773440 |       0 |        5,411,517 |                  |                  |                  |
|          2 |           2 |1565195843415 |      69 |       44,603,198 |          560,081 |          560,081 |          560,081 |
|          3 |           3 |1565195913396 |     139 |       79,025,364 |          525,978 |          491,879 |          525,979 |
|          4 |           4 |1565195983389 |     209 |       99,159,624 |          451,059 |          287,661 |          446,528 |
|          5 |           5 |1565196053390 |     279 |      117,234,116 |          397,497 |          258,203 |          399,438 |
|          6 |           6 |1565196123463 |     350 |      137,685,398 |          367,085 |          291,857 |          377,901 |
|          7 |           7 |1565196193386 |     419 |      155,264,421 |          343,851 |          251,405 |          356,839 |
|          8 |           8 |1565196263432 |     489 |      174,822,039 |          328,777 |          279,211 |          345,741 |
|          9 |           9 |1565196333388 |     559 |      191,489,128 |          315,713 |          238,251 |          332,312 |
|         10 |          10 |1565196403392 |     629 |      200,000,000 |          298,471 |          121,577 |          308,894 |
------------------------------------------------------
9
deployment.apps "rttest-mon-kafka" deleted
deployment.apps "rttest-mon-es" deleted
deployment.apps "rttest-send-kafka-25k-10m" deleted
sparkapplication.sparkoperator.k8s.io "sparkop-es-2.4.1" deleted
Topic planes10 is marked for deletion.
Note: This will have no impact if delete.topic.enable is not set to true.
Created topic "planes10".
sparkapplication.sparkoperator.k8s.io/sparkop-es-2.4.1 created
deployment.apps/rttest-mon-kafka created
deployment.apps/rttest-mon-es created
deployment.apps/rttest-send-kafka-25k-10m created
Kafka Logs
Start Count: 0
Watching for changes in count...  Use Ctrl-C to Exit.

|Query Number|Sample Number|Epoch (ms)    |Time (s) |Count             |Linear Reg. Rate  |Rate From Previous|Rate From First   |
|------------|-------------|--------------|---------|------------------|------------------|------------------|------------------|
|          1 |           1 |1565196693540 |       0 |          147,461 |                  |                  |                  |
|          2 |           2 |1565196703541 |      10 |        4,450,006 |          430,211 |          430,211 |          430,211 |
|          3 |           3 |1565196713540 |      20 |        9,305,746 |          457,913 |          485,623 |          457,914 |
|          4 |           4 |1565196723541 |      30 |       14,500,871 |          479,150 |          519,461 |          478,431 |
|          5 |           5 |1565196733541 |      40 |       19,554,247 |          488,635 |          505,338 |          485,158 |
|          6 |           6 |1565196743541 |      50 |       24,502,888 |          492,234 |          494,864 |          487,099 |
|          7 |           7 |1565196753542 |      60 |       29,242,566 |          491,558 |          473,920 |          484,902 |
|          8 |           8 |1565196763551 |      70 |       34,248,775 |          491,994 |          500,171 |          487,085 |
|          9 |           9 |1565196773542 |      80 |       39,613,856 |          495,194 |          536,991 |          493,318 |
|         10 |          10 |1565196783541 |      90 |       44,669,813 |          497,394 |          505,646 |          494,687 |
|         11 |          11 |1565196793541 |     100 |       49,109,154 |          496,164 |          443,934 |          489,612 |
|         12 |          12 |1565196803541 |     110 |       54,713,647 |          497,926 |          560,449 |          496,052 |
|         13 |          13 |1565196813543 |     120 |       59,294,277 |          497,674 |          457,971 |          492,878 |
|         14 |          14 |1565196823542 |     130 |       64,441,856 |          498,006 |          514,809 |          494,565 |
|         15 |          15 |1565196833541 |     140 |       69,637,554 |          498,761 |          519,622 |          496,354 |
|         16 |          16 |1565196843541 |     150 |       74,290,555 |          498,529 |          465,300 |          494,284 |
|         17 |          17 |1565196853541 |     160 |       79,734,337 |          499,268 |          544,378 |          497,415 |
|         18 |          18 |1565196863543 |     170 |       84,271,440 |          498,986 |          453,620 |          494,838 |
|         19 |          19 |1565196873541 |     180 |       89,673,775 |          499,437 |          540,342 |          497,366 |
|         20 |          20 |1565196883542 |     190 |       94,380,177 |          499,353 |          470,593 |          495,956 |
|         21 |          21 |1565196893542 |     200 |       99,412,639 |          499,342 |          503,246 |          496,321 |
|         22 |          22 |1565196903543 |     210 |      104,611,928 |          499,577 |          519,877 |          497,443 |
|         23 |          23 |1565196913542 |     220 |      109,081,277 |          499,184 |          446,980 |          495,149 |
|         24 |          24 |1565196923542 |     230 |      114,888,578 |          499,697 |          580,730 |          498,870 |
|         25 |          25 |1565196933544 |     240 |      119,062,424 |          499,336 |          417,301 |          495,471 |
|         26 |          26 |1565196943542 |     250 |      124,764,438 |          499,658 |          570,315 |          498,464 |
|         27 |          27 |1565196953541 |     260 |      129,451,656 |          499,669 |          468,769 |          497,322 |
|         28 |          28 |1565196963541 |     270 |      134,099,054 |          499,419 |          464,740 |          496,115 |
|         29 |          29 |1565196973542 |     280 |      139,931,869 |          499,796 |          583,223 |          499,226 |
|         30 |          30 |1565196983542 |     290 |      144,139,070 |          499,592 |          420,720 |          496,519 |
|         31 |          31 |1565196993542 |     300 |      149,432,190 |          499,605 |          529,312 |          497,612 |
|         32 |          32 |1565197003541 |     310 |      154,759,081 |          499,804 |          532,742 |          498,746 |
|         33 |          33 |1565197013542 |     320 |      159,050,438 |          499,590 |          429,093 |          496,569 |
|         34 |          34 |1565197023542 |     330 |      164,690,251 |          499,737 |          563,981 |          498,611 |
|         35 |          35 |1565197033542 |     340 |      169,619,487 |          499,828 |          492,924 |          498,444 |
|         36 |          36 |1565197043543 |     350 |      174,027,534 |          499,638 |          440,761 |          496,796 |
|         37 |          37 |1565197053542 |     360 |      179,756,124 |          499,790 |          572,916 |          498,910 |
|         38 |          38 |1565197063541 |     370 |      184,613,440 |          499,862 |          485,780 |          498,555 |
|         39 |          39 |1565197073541 |     380 |      189,036,866 |          499,703 |          442,343 |          497,076 |
|         40 |          40 |1565197083542 |     390 |      194,671,444 |          499,800 |          563,401 |          498,777 |
|         41 |          41 |1565197093541 |     400 |      199,329,234 |          499,764 |          465,826 |          497,953 |
|         42 |          42 |1565197103542 |     410 |      200,000,000 |          498,296 |           67,070 |          487,443 |

For last 10  seconds the count has not increased...
Removing sample: 420|200000000
Total Count: 200,000,000 | Linear Regression Rate:  499,764 | Linear Regression Standard Error: 0.37 | Average Rate: 497,953

Start Count: 200000000
Watching for changes in count...  Use Ctrl-C to Exit.

|Query Number|Sample Number|Epoch (ms)    |Time (s) |Count             |Linear Reg. Rate  |Rate From Previous|Rate From First   |
|------------|-------------|--------------|---------|------------------|------------------|------------------|------------------|
Elasticsearch Logs
Start Count: 0
Watching for changes in count...  Use Ctrl-C to Exit.

|Query Number|Sample Number|Epoch (ms)    |Time (s) |Count             |Linear Reg. Rate  |Rate From Previous|Rate From First   |
|------------|-------------|--------------|---------|------------------|------------------|------------------|------------------|
|          1 |           1 |1565196763385 |       0 |        3,799,397 |                  |                  |                  |
|          2 |           2 |1565196833404 |      70 |       43,175,645 |          562,365 |          562,365 |          562,365 |
|          3 |           3 |1565196903380 |     139 |       77,592,470 |          527,116 |          491,838 |          527,112 |
|          4 |           4 |1565196973381 |     209 |       96,827,975 |          447,886 |          274,789 |          443,002 |
|          5 |           5 |1565197043381 |     279 |      117,855,083 |          402,538 |          300,387 |          407,348 |
|          6 |           6 |1565197113395 |     350 |      136,621,804 |          370,363 |          268,042 |          379,482 |
|          7 |           7 |1565197183409 |     420 |      156,992,205 |          350,362 |          290,948 |          364,724 |
|          8 |           8 |1565197253395 |     490 |      174,995,718 |          334,272 |          257,244 |          349,373 |
|          9 |           9 |1565197323381 |     559 |      193,289,521 |          321,906 |          261,392 |          338,378 |
|         10 |          10 |1565197393380 |     629 |      200,000,000 |          303,281 |           95,865 |          311,432 |
------------------------------------------------------
10
deployment.apps "rttest-mon-kafka" deleted
deployment.apps "rttest-mon-es" deleted
deployment.apps "rttest-send-kafka-25k-10m" deleted
sparkapplication.sparkoperator.k8s.io "sparkop-es-2.4.1" deleted
Topic planes10 is marked for deletion.
Note: This will have no impact if delete.topic.enable is not set to true.
Created topic "planes10".
sparkapplication.sparkoperator.k8s.io/sparkop-es-2.4.1 created
deployment.apps/rttest-mon-kafka created
deployment.apps/rttest-mon-es created
deployment.apps/rttest-send-kafka-25k-10m created
Kafka Logs
Elasticsearch Logs
------------------------------------------------------
11
